   0.100    0.041  0.959      2.144e-004   0.041  0.959   2.144e-004
   0.600    0.207  0.787      5.686e-003   0.207  0.787  5.686e-003
   1.100    0.306  0.680      1.407e-002   0.306  0.680  1.407e-002
   1.600    0.295  0.672      3.363e-002   0.295  0.672   3.363e-002
   2.100    0.455  0.460      8.464e-002   0.455  0.460   8.464e-002
   2.600    0.626  0.266      1.082e-001   0.626  0.266  1.082e-001
   3.100    0.768  0.140      9.166e-002   0.768  0.140  9.166e-002
   3.600    0.840  0.059      1.008e-001   0.840  0.059  1.008e-001
   4.100    0.863  0.027      1.100e-001   0.863  0.027  1.100e-001
   4.600    0.717  0.173      1.091e-001   0.717  0.173  1.091e-001
   5.100    0.719  0.173      1.076e-001   0.719  0.173  1.076e-001
   0.100     0.045  0.955      4.971e-004   0.038  0.962   2.713e-004
   0.600     0.216  0.777      6.639e-003   0.196  0.799   5.730e-003
   1.100     0.319  0.667      1.444e-002   0.295  0.691   1.432e-002
   1.600     0.307  0.660      3.353e-002   0.288  0.678   3.376e-002
   2.100     0.466  0.448      8.640e-002   0.443  0.472   8.512e-002
   2.600     0.630  0.255      1.154e-001   0.616  0.272   1.128e-001
   3.100     0.766  0.110      1.233e-001   0.771  0.131  9.779e-002
   3.600     0.826  0.074      9.982e-002   0.868  0.016  1.163e-001
   4.100     0.879  0.014      1.066e-001   0.759  0.132   1.096e-001
   4.600     0.584  0.308      1.074e-001   0.531  0.116  2.114e-001
   5.100     0.826  0.063      1.113e-001   0.356  0.299  2.099e-001
   0.100     0.058  0.940      1.102e-003   0.027  0.973   2.063e-004
   0.600     0.247  0.744      9.216e-003   0.161  0.833   5.855e-003
   1.100     0.360  0.624      1.525e-002   0.258  0.727   1.509e-002
   1.600     0.347  0.620      3.276e-002   0.264  0.702   3.442e-002
   2.100     0.500  0.410      9.019e-002   0.405  0.508   8.688e-002
   2.600     0.642  0.223      1.357e-001   0.585  0.288   1.271e-001
   3.100     0.660  0.076      2.643e-001   0.790  0.088  1.218e-001
   3.600     0.690  0.113      1.975e-001   0.501  0.432   6.722e-002
   4.100     0.890  0.008      1.015e-001   0.502  0.172  1.951e-001
   4.600     0.191  0.687      8.585e-002   0.514  0.158  2.040e-001
   5.100     0.810  0.016      1.378e-001   0.556  0.082   2.395e-001
   0.100     0.092  0.906      2.058e-003   0.010  0.989   2.541e-004
   0.600     0.309  0.679      1.243e-002   0.107  0.887   6.036e-003
   1.100     0.437  0.547      1.560e-002   0.193  0.791   1.647e-002
   1.600     0.425  0.544      3.008e-002   0.216  0.748   3.630e-002
   2.100     0.565  0.345      8.977e-002   0.343  0.566   9.105e-002
   2.600     0.666  0.173      1.608e-001   0.533  0.312   1.544e-001
   3.100     0.544  0.272      1.842e-001   0.762  0.048  1.898e-001
   3.600     0.796  0.108      8.981e-002   0.484  0.157  2.226e-001
   4.100     0.897  0.015      8.611e-002   0.449  0.231  2.002e-001
   4.600     0.706  0.210      7.857e-002   0.464  0.147   2.842e-001
   5.100     0.872  0.014      1.097e-001   0.323  0.228   2.690e-001
